tensor_4weight 16
-0.233045995 0.299700022 -0.116282761 -0.26847437 0.0735782608 0.0251259506 -0.124519281 0.0117330374 0.0746361092 -0.0653345361 0.00204767636 -0.218398184 -0.13277778 0.198619604 0.050922472 -0.094721213
tensor_2bias 8
0.0705280751 0.00716161914 -0.115551293 0.0460636914 0.101820305 -0.0154622486 0.109108381 -0.0172371883
tensor_4bias 2
0.0833312273 0.123772204
tensor_2weight 128
0.0269178934 -0.237367123 0.0360101387 0.219534397 0.207401037 -0.125333562 -0.115764014 -0.00420578104 -0.124302253 0.0354531854 -0.128847137 -0.1328336 -0.127712086 -0.0253508408 -0.111623615 0.0985883027 -0.205995813 -0.0360688716 -0.219919056 0.157342717 0.185598791 -0.176346719 -0.23664473 -0.211670727 -0.205891281 0.0634506643 -0.0931940153 0.0670742169 -0.171550736 -0.249447748 0.0128038628 -0.221094593 -0.00721282093 0.0223480836 -0.127191484 0.124712735 -0.166615695 0.00163238368 0.211034462 -0.130202293 0.212390184 0.226821259 0.220233366 -0.11139971 0.104062043 -0.247549504 0.0059293462 -0.180853069 0.239904821 -0.0617871843 -0.0981354937 0.0880466029 0.153768897 -0.0286251791 0.232536405 -0.0125498436 0.0360924192 -0.236143395 0.196636975 0.149058864 -0.034470398 -0.0394790359 0.0399237387 -0.0597689003 0.236632302 -0.0545427427 -0.0974518284 0.220869467 -0.227648824 -0.0829640776 -0.0756748617 -0.144251123 -0.235131517 -0.186641961 0.12150044 -0.148181081 0.195624575 -0.241787598 0.00513361953 -0.212644413 -0.22823754 0.107663102 0.0524874181 0.18274115 0.119401708 0.106731981 -0.103335999 0.215263486 0.166276053 0.108906806 -0.0342443772 -0.0754319876 -0.187302589 0.204464331 -0.0735542327 0.0778092071 -0.155505329 -0.0522529744 0.00916397572 0.0210981872 -0.00424540415 0.234658271 0.240151882 -0.241488695 0.0279754754 0.0104253199 0.0361627191 0.150834695 0.0295580216 -0.0440136828 0.0806180164 -0.217142075 -0.0234404746 0.187732711 -0.0212338455 -0.186238855 0.203702629 -0.14301312 0.211349741 -0.0952440128 0.157054648 -0.058634121 0.159439504 0.245083913 0.0348155238 0.188906237 0.0895820856 -0.124347799
tensor_0bias 16
-0.0111654559 0.124995686 -0.0231551398 -0.138421476 0.0817004293 0.0594558828 0.131030515 -0.122429654 0.0367131047 -0.0114101665 -0.0959596783 0.0944250077 -0.0929525718 -0.103285201 -0.0950331986 -0.00704296725
tensor_0weight 512
0.0281992685 -0.0271978546 -0.0460982695 -0.038061697 -0.0439708829 0.127499521 -0.0949276909 -0.170305327 -0.166764036 -0.0295455232 0.0509592332 -0.132217452 0.0568941161 -0.0651488677 0.0357559696 -0.0345544629 -0.144440159 0.0679042488 -0.0478479713 0.158366084 -0.158527166 0.105299719 -0.00406501722 0.174196213 0.0620232038 -0.160330012 -0.0904983431 0.020095611 -0.0147035634 -0.102457806 -0.138923258 -0.00331172906 -0.022947643 -0.140056998 0.125953868 -0.0947430804 0.0126629444 0.149497747 -0.121831886 -0.115417182 -0.130139872 0.0821161494 -0.177400574 -0.00551769556 0.0998033583 -0.108517446 -0.100101367 -0.0678745434 -0.111536562 -0.0556065105 -0.158605292 0.045111727 0.0808293521 0.0852925256 0.14311859 0.176299021 -0.0980007946 0.0557165258 0.102279201 0.0406255759 0.123916708 0.128514379 -0.148922473 0.0599163771 0.0710850209 -0.138767108 -0.0755582601 0.00474230619 0.149154738 0.0505496524 -0.10789562 -0.0627119988 0.0786520466 0.0166421905 -0.060790237 -0.130295083 -0.164949968 0.135748699 0.148798034 0.14083609 -0.071339041 -0.123972192 0.166208729 -0.053658776 -0.115559556 -0.0118205482 -0.0926156119 -0.144806519 0.0176489856 0.171070993 -0.101600327 -0.109635301 -0.168027267 -0.0644426569 -0.067045711 0.134658977 0.0806019083 -0.149945378 -0.132840142 -0.068622455 0.054070767 -0.00952438731 -0.0102121243 -0.105365105 -0.0602498762 0.115562372 -0.0274230186 -0.00942730904 0.173638746 -0.0440541469 -0.139965817 -0.124210186 -0.0108917877 -0.00270657521 0.0133776106 0.167486638 -0.0395876281 -0.000174794506 -0.0166132264 0.161771357 0.152645752 -0.0354422629 0.0717639551 0.00147924153 0.0403630547 -0.0400057882 0.100259535 -0.0408699624 -0.114878297 0.0598788634 -0.122657314 -0.000233894054 -0.0114327352 0.0900076851 0.00289089675 -0.0766275972 -0.129517704 -0.16362834 -0.0239405595 -0.158754304 0.0349644311 0.16425997 -0.0492389649 0.0473899096 -0.111096792 0.0446543619 -0.0790321678 0.113684379 -0.167931706 0.160717428 0.00955760386 0.160866097 -0.102240056 -0.0860100091 0.0391827747 -0.172190502 0.0869076923 0.136038303 0.0537040159 -0.156899869 -0.0856637582 0.147680789 0.0538422391 0.051950518 0.145195365 -0.130685866 0.00413657958 0.161329567 0.148336276 -0.0702091902 0.173452079 0.0988072231 0.0145253176 0.103042528 0.0367793106 -0.0802097395 -0.0868635774 0.115076408 -0.0956435949 0.0169826448 0.120925702 0.0493749194 0.00346400589 -0.0221250653 0.115543619 -0.0152229872 0.0918505341 0.0953234434 -0.10377571 0.118304081 -0.0307168495 -0.0556475632 -0.173328534 0.113728046 -0.0856384039 0.021965431 0.0646888465 0.108975329 -0.0519972146 -0.0234584864 0.157020137 0.0807166621 -0.107249714 -0.029123351 -0.0165351126 -0.11977262 0.168530017 -0.116624907 0.151762545 -0.165403113 0.129313678 0.088590771 -0.163591921 -0.079369694 0.015867494 -0.108542256 0.12673746 -0.167727038 0.175202698 0.0909323543 -0.126573935 -0.028525399 0.0746936798 -0.120659634 0.0610021353 -0.170377135 0.0130877495 0.147743165 0.12566644 0.0288376212 0.0450774468 -0.0238741934 -0.0509593301 -0.152644426 -0.113433167 -0.038763836 -0.174913108 0.128151894 0.128079146 -0.0383467153 -0.0364875235 -0.0149951568 0.123796061 0.0251827296 -0.14148882 0.0895916745 -0.0597903356 0.120337486 0.156253427 -0.0695490316 0.162604153 0.071737349 -0.0420804843 -0.0955189988 -0.0659962595 -0.132933334 0.0498503596 0.0326798297 0.141566366 -0.107469991 -0.12259803 0.169257134 -0.0201094002 -0.13509576 -0.0558416285 -0.00125900202 0.000961236074 -0.0359513126 -0.068867892 -0.124867588 -0.159389958 -0.174779788 -0.17427668 0.139579311 0.0568505414 -0.116395228 0.0799025297 -0.0775081366 0.00512982393 0.138671339 -0.0527677126 0.0705818906 0.0460298136 0.0324955843 0.102538891 -0.00865266006 0.169700772 -0.0570279099 0.0147734638 -0.0394402705 -0.136604175 0.00590739772 0.104633905 -0.139080867 -0.14402011 -0.028229313 0.082341373 0.122369237 -0.0449579395 -0.162787855 -0.0228498969 -0.0299271885 -0.163128957 -0.102312155 -0.0324853659 0.131879926 -0.0902771056 0.0950034484 0.0500812382 0.0845035315 -0.0762764886 0.109668918 -0.159601852 0.0217685848 -0.0983420536 0.0299618766 -0.12559329 -0.0888402835 0.0825075954 -0.161387295 0.00341167697 -0.176653296 0.161011949 -0.0595671423 -0.104886107 -0.166310251 -0.016122153 -0.10920506 -0.0962757096 0.0948044807 -0.0878029317 0.174207538 -0.140379906 0.0294827856 0.0450825095 0.13783057 0.161679849 0.0012200796 0.114284687 0.156164914 0.0247388221 0.0259041544 -0.0729828849 0.173456296 0.0935142636 -0.103269637 -0.00764617091 0.0107695544 0.149622798 -0.101290472 0.172985882 0.0191521831 -0.161098942 0.0842162073 0.0385190994 0.138710946 0.118085913 -0.113663256 0.150968358 -0.0598987341 -0.0140574332 -0.114386566 0.147070378 0.14312762 0.0793537199 0.0189075116 -0.1597514 0.0221085437 -0.046580907 -0.144385606 0.149301961 0.102366693 0.0281395335 -0.103189766 -0.122537322 -0.161984503 0.121007115 0.0347333178 0.0463592187 0.162489459 -0.176403582 0.163668782 0.0356590375 0.154772907 0.137807056 -0.0978474915 -0.0736315474 0.0808360428 -0.142886952 0.0850350857 0.0659519285 0.0475109331 -0.0982001647 0.0682726204 0.0236731023 -0.144541085 0.0100746993 0.0453232564 -0.0247448497 -0.0446122102 0.0299215503 -0.0677847713 -0.0692421719 0.0430658646 0.00289224996 0.0787452608 -0.0889556035 0.0133145405 -0.100052334 -0.0518298559 0.137117594 0.0832594335 0.0289410371 0.0550764389 0.158325568 0.175260723 -0.117080726 -0.0578648858 0.144778505 -0.160973549 0.0800921321 0.0278242491 -0.10882283 0.0454996899 -0.0696160272 0.0289490074 0.0178459119 0.0915034339 0.0674699992 0.0223664939 0.102354772 0.164866015 -0.148079887 0.0799694732 -0.162760779 0.152011395 0.0846652687 -0.143650472 -0.136352167 -0.0744733885 -0.0371181741 0.0658688471 0.0300111137 0.091740191 0.0855972916 -0.167097539 0.00515752379 -0.0992305204 -0.117401138 -0.102460057 0.114229396 -0.000570702483 0.161488146 -0.011168696 -0.111760236 0.106042042 0.168603316 0.0415818803 -0.0462326184 -0.051130306 -0.0773164779 0.129525989 -0.118249692 0.0222085305 -0.0784052163 -0.0604943298 -0.0588524826 0.13442336 -0.130165711 -0.0860869363 0.021295242 0.129003048 0.15943481 0.0792539492 -0.0105867488 0.0585433505 -0.0958118066 -0.00700075412 0.0302163269 0.132114023 0.102754727 -0.154704064 -0.104831323 -0.17389521 0.0771669596 -0.0655666441 -0.0807121024 -0.165420443 0.019410247 0.0881681591 0.101808473 -0.0758377761 0.0745795816 0.166237563 -0.0980262756 -0.0557825901 -0.171297163 0.17412743 0.0431743152 0.151187003 -0.14772445 0.116318606 0.088557899 -0.106499657 -0.134319708 -0.0414776914 0.047418721 0.139499113 -0.0577757359 -0.0817597583 -0.120347217 0.167008668
