tensor_dense_3kernel 16
-0.731839597 0.41182214 -0.0146198869 0.614828944 -0.721286118 -0.229862735 -0.0123599591 -0.381499231 0.386218905 0.703594327 0.160952866 -0.286750168 -0.498539895 -0.549228609 -0.539861083 -0.494702756
tensor_dense_2bias 8
0.00137286459 0 0.00137065479 -0.00137940422 0 -0.00137852668 -0.00140879583 0.00133089814
tensor_dense_3bias 2
-0.00137441 0.00137441012
tensor_dense_2kernel 128
-0.226536319 0.254660964 0.363169909 0.113088809 -0.439851761 0.46212402 -0.11681626 -0.00875493791 -0.0975479931 0.233284473 0.130759224 -0.209749222 0.0363733768 -0.286070645 0.0284009837 0.108576603 -0.238886625 -0.467824221 0.0197984818 -0.0492485873 0.133610249 0.0781635493 0.409256041 0.216665953 -0.306837082 -0.0422070026 -0.160738498 -0.128348887 0.394232869 0.0265972279 0.500515163 -0.0249370355 0.126344919 -0.400848269 -0.131473899 -0.144498348 0.459072351 0.251884818 0.0770138502 -0.0218485594 0.364699006 0.241595387 0.203092456 -0.424339771 -0.15026319 0.124943614 0.413215518 0.076376915 0.231550023 0.183033347 -0.489018381 -0.475721329 -0.202549577 0.213355884 0.157798946 0.158834368 0.427630097 0.0801637173 -0.473175228 0.363209456 0.416481972 0.19526884 -0.488019526 0.123450071 0.0969136953 -0.346599698 0.333366632 -0.411219597 0.486277461 -0.0445363522 0.491564035 -0.391958117 -0.254245162 -0.179113507 0.300005585 0.107325949 -0.397636175 0.234362796 -0.305595189 0.0786111206 0.476208955 -0.0909199715 -0.202511817 -0.360838681 0.110596299 0.108969003 -0.136507109 0.0305485763 0.263664752 -0.249577045 -0.141833737 0.343865246 -0.293949842 0.0366118774 0.459233642 -0.109633446 0.0575229116 -0.0851972103 0.133761868 -0.271123409 0.499938726 -0.309443772 0.342833847 -0.373880297 -0.187051892 0.207828522 0.285559535 -0.141786218 -0.076489687 0.24041903 -0.16108489 -0.211974144 0.424454391 -0.357310653 0.168218106 0.481344879 -0.181466341 -0.190080419 -0.0659346804 0.175106913 0.344413549 -0.467546463 0.213170409 0.3330037 0.0887895823 0.0832540318 0.0857954696 0.407943636
tensor_dense_1bias 16
-0.00138499471 0.00136383402 0.00329725211 0.00429901946 0 0 0.00270572444 0.00356786372 0 -0.00138403836 0.00137086154 0.00130058965 0.00137003884 0 0.00136587885 0.0013599426
tensor_dense_1kernel 512
-0.147474185 -0.0812838972 0.340720087 -0.188296437 0.0647959709 -0.160955191 0.246751159 -0.202769071 0.169389099 0.19540754 -0.103078455 0.158525437 -0.00631004572 0.155537277 0.0424959958 -0.0648230314 0.319634914 0.251770407 0.352236688 -0.142639697 0.0665298104 0.149993271 0.0807178915 -0.000621843385 -0.262598127 -0.0322303474 0.280587375 0.351293713 -0.164399996 0.0711421072 0.168000355 0.28092891 -0.152084678 -0.340542495 0.0571578629 0.208240181 -0.171241626 -0.254624277 0.109831057 -0.143531531 -0.045196861 -0.0369996428 -0.00438613864 -0.0247309525 0.000790617603 -0.244020969 0.198973328 -0.332366467 0.143294767 -0.341222823 0.0816831291 0.212223232 -0.296437413 -0.141011715 0.0178928766 0.230061352 -0.14634195 0.214572027 -0.0487286039 0.326887339 -0.0679162517 -0.0970395803 0.229739442 -0.151733458 0.182480752 0.164770663 -0.241633788 0.0391693115 -0.280185491 0.205059737 -0.0871718824 -0.203589439 -0.299854517 -0.0620771386 0.0144921876 0.325933933 -0.137072593 -0.0800616443 -0.0237556864 0.24559623 -0.088777326 0.0939038843 -0.191715673 -0.0607998781 -0.107390419 -0.318578064 0.0334495641 -0.321663678 0.273501545 0.300054103 -0.00719575724 -0.00257633114 0.246001586 0.133816749 0.263914049 0.341979593 -0.225610808 0.125571042 0.0550490916 0.0820095837 -0.0559798777 0.276592642 -0.0347539485 -0.337169558 0.00103488564 0.260996014 0.125106245 0.0777259469 -0.0531297326 -0.329798818 0.0396423042 -0.2148927 -0.167130008 0.101649247 0.131919086 0.34849292 0.224379092 0.179083794 0.0914297178 -0.181784332 -0.168636873 -0.0852617472 -0.180337533 -0.303890824 0.0929430425 0.111407697 -0.0944808498 0.209379464 -0.225372598 0.029484082 0.24586837 0.172439188 0.118374407 0.000260621309 0.21744585 0.249705374 0.0483986437 -0.331936359 0.340038478 -0.317686468 0.308515579 -0.304164529 -0.06687475 0.158850566 -0.232284009 0.0926742554 -0.143468201 -0.00369778275 0.136786848 0.211621612 0.101905167 0.3456029 -0.169510499 -0.0752950907 0.0275004804 -0.287816852 0.0562019646 0.258051306 0.351793855 -0.31633696 0.199106157 0.225450426 0.142408818 0.042070426 -0.320688188 -0.258549005 -0.15265061 -0.0460384376 0.0524106026 0.341280907 0.129557431 0.100216776 0.119566157 -0.128182814 0.120289631 0.104910932 -0.328394175 -0.0931657851 -0.033590883 -0.205921486 0.226955444 0.0801288188 0.317228705 0.0310097039 -0.159991965 0.282864243 -0.238343626 0.254356414 -0.0886449218 0.305916518 0.117639095 0.128944397 0.231680125 -0.209270433 -0.0399353057 0.153930262 0.0399109721 0.0958815515 0.0792610869 0.0225475766 -0.270431638 0.0235788412 0.256114066 -0.0321691707 -0.155231789 0.138787717 0.278148472 0.308818936 -0.172863856 -0.151634246 0.158953637 0.317038387 -0.205304042 -0.258695751 -0.151422918 0.207635432 0.303176254 -0.225570694 0.341901869 0.306732982 0.241615325 0.16672346 -0.228489101 -0.334532768 0.341956824 -0.278231323 0.277877688 -0.309060991 0.145586252 0.350416034 -0.241275191 0.156932086 0.306219608 -0.0474701673 -0.18308486 0.265394688 0.260662973 -0.0520961285 0.326938957 0.0556534156 0.25477773 0.281455994 -0.289736986 0.286578625 0.0997702777 -0.30380249 0.231218085 0.193387598 -0.297734618 0.13090533 -0.34758234 -0.20682551 0.346978068 0.315086275 0.199709952 0.284752369 -0.192459852 0.138074905 0.0394367911 -0.0963759273 0.0684408247 -0.261026889 0.346391946 0.157641351 -0.255962431 -0.147849411 0.351093739 0.328042448 -0.163465127 -0.178346828 0.0893345922 -0.186359316 0.0628480315 -0.025985986 0.335538059 -0.0508468747 0.231875747 -0.0622358024 0.278837055 -0.304212332 0.281989127 -0.0120362937 -0.0943075418 -0.166612223 0.24564752 0.323101193 -0.196050361 0.0404634178 0.0052442709 0.29749915 -0.25031203 -0.0952162817 0.283247799 -0.133255944 0.333740383 0.035785716 -0.0374668539 0.0551558174 -0.254056066 -0.0324180759 0.0179963894 -0.229897648 0.0443254374 0.0993766859 0.107620634 -0.0713161603 0.323308557 0.216272503 -0.0600754321 -0.278164625 -0.149142206 -0.0940781832 -0.181655616 0.00618005171 0.160864562 0.267092615 -0.346824288 -0.181397751 -0.347019315 -0.186739787 -0.0464656353 -0.135741428 -0.0408304334 -0.284907818 -0.225106984 0.0735138953 -0.0383688807 -0.177705437 -0.295786589 0.169958323 -0.265654355 0.273394197 0.223072559 -0.15074949 -0.224492565 0.221093029 -0.287705511 -0.0538462102 -0.31436339 0.340539426 0.117324531 -0.347757518 0.0779954493 0.208972782 -0.147842035 0.0570177734 0.239876598 -0.327611506 0.0477449596 -0.00284609199 0.194592685 -0.0879001915 0.316623271 -0.346239418 0.206272572 -0.306212127 -0.143444523 -0.219166979 -0.0840552971 -0.296187133 -0.306427807 0.222495377 0.0396114402 -0.0880667344 0.13975364 -0.123306751 0.0976782143 0.180691645 -0.212651506 0.0769834816 -0.281430423 0.0285680592 0.29050836 0.28726396 0.334530979 0.218648404 -0.138621151 0.305590719 0.0899540186 -0.142880008 0.192878872 0.159775347 0.171581775 -0.277830243 -0.278743297 0.298960865 -0.0667284504 -0.220646992 -0.00689303875 0.17842564 0.0483820774 0.215571627 -0.159492865 0.108252116 -0.182207763 0.0487297475 0.292179853 -0.0203106403 -0.143927515 0.128710449 -0.285088271 -0.0428410172 -0.0176516771 0.230206817 0.0799664855 0.216520578 0.292274207 -0.250948399 -0.00650528073 0.230052263 0.0662277937 0.20708093 0.263060957 -0.252478331 0.168927699 -0.0270486772 0.131715655 0.3057625 -0.257231057 -0.185481116 0.16553393 -0.0641601384 -0.0789603591 0.0584403872 0.145025462 -0.330135256 -0.293402761 -0.324526429 -0.0994510651 -0.0640178621 -0.271484286 0.239038974 0.278002352 0.184604198 -0.208531812 -0.297773898 0.167195708 -0.310450047 -0.299654722 -0.0719645619 -0.165362984 0.237285584 -0.286462605 0.190174252 0.0145582855 -0.277684927 -0.121408969 -0.243038118 -0.0965315402 0.286965817 0.308337241 0.336569399 0.0630199909 0.345048934 -0.115077674 0.0469547808 0.119978666 -0.258346766 0.241854459 0.320906848 0.147944182 -0.227004275 0.0497790575 0.0928215086 -0.0504207015 0.273616582 -0.154753789 -0.0832578242 0.333185226 -0.26643163 -0.0579976141 0.0268381834 -0.0709288418 0.101658791 -0.0681243837 -0.219571173 -0.186204016 -0.202405512 0.287186176 0.187960714 -0.333795547 0.0178706758 -0.338671297 -0.201628074 -0.00454393029 -0.175247014 -0.330224425 -0.20655553 -0.0697788298 -0.340279251 0.260196328 0.288996905 0.0812465847 -0.0693921745 0.196502596 -0.0642888844 -0.0338614881 0.0796080008 -0.144919947 0.279923558 -0.0215222836 0.0189358294 0.0643153414 0.0281066298 -0.29819113 0.356718779 -0.252873421 0.295188695 0.182977945 0.207283229 0.267055184 0.311920702
tensor_densebias 32
0 0.00176290306 -0.00353563437 -0.000952359464 -0.00122804136 0.00270579522 0 0.00509069208 0.00351310032 0 0.00173085975 0 0.00144401588 0 0.00400001463 0.00431196205 0.00152786612 0 -0.00564752752 0.00432256702 0 0 -0.00138069713 0 0.000827961136 0 0 0 0 0 0.00379532902 0.000934683951
tensor_densekernel 128
-0.128261089 0.0936434641 0.323826045 0.338481396 0.172972187 0.0428644046 0.404314756 -0.152534574 0.150221288 -0.0934095681 0.365010738 0.296337664 0.0324681811 0.300163567 0.101068765 0.192458645 0.158433989 0.109138548 -0.0178699661 -0.132012486 -0.195750311 -0.403509706 0.0767487437 0.22461772 -0.132508159 -0.242150784 -0.374254405 -0.383552819 -0.0473079085 -0.404080063 -0.296078712 0.150951058 -0.00935876369 -0.0485013127 -0.154430911 0.229790449 0.167706504 0.261320472 -0.349950612 -0.161136433 0.360977858 -0.185927078 0.291558444 -0.20992282 0.293916285 -0.27296263 -0.216191173 -0.18494533 0.397088021 -0.32013905 0.289082617 -0.0621133856 -0.0225789547 0.126729727 0.344231278 -0.285560876 0.383179337 -0.0800049305 -0.352072299 0.0181093812 -0.159867749 -0.0533775687 0.300363719 -0.266155481 0.117483795 0.117577218 -0.304555774 -0.289761126 0.36618191 -0.3750166 -0.284771293 0.209822312 -0.362945437 -0.320319235 0.148447901 -0.00516843796 -0.0520041697 -0.112304837 0.361222595 -0.330896229 -0.260116547 -0.308304697 0.0548765473 -0.28280285 -0.108038962 -0.190075263 0.0422711819 -0.3584795 0.0544360057 -0.104867727 0.29967761 0.349684775 0.0686084926 0.0603326559 0.230738491 0.103602223 -0.0661020279 0.119328924 -0.223969787 0.403265804 0.183566913 0.261584908 -0.354368776 0.304303437 -0.215213746 -0.230984926 0.33318457 -0.403473973 0.235714883 -0.257158697 -0.00458406517 0.271237284 -0.00728081167 0.0234660506 0.296669394 0.306929678 0.137002051 -0.390464514 -0.0928238407 0.163567126 0.230636567 -0.105518788 -0.0762167871 -0.16839917 -0.216790423 -0.0944668055 -0.196384206 0.0992026478
