tensor_4weight 16
0.0485638455 -0.312883973 -0.212198332 0.248980224 -0.235719278 -0.0196479838 -0.29351899 0.121099308 -0.308885336 -0.119334355 0.328149945 -0.151893094 0.00766996527 -0.348532796 0.212724209 0.215484992
tensor_2bias 8
0.153064191 0.000189785787 -0.236568049 -0.0810803771 0.0313152522 0.208430126 -0.0827662647 0.0146469967
tensor_4bias 2
-0.163117692 0.182154641
tensor_2weight 128
0.17258136 0.24312073 0.129837438 0.0334883109 -0.153113648 0.0686390474 0.108900785 0.0748479366 0.245563954 -0.205814213 -0.172678426 -0.0256169084 -0.153373525 -0.0809944794 -0.0703283474 0.00402238639 0.173291177 0.0639188141 -0.12236283 -0.208968237 -0.192736164 0.166511431 -0.20784919 0.179637641 -0.216139704 -0.164867938 0.0169761851 -0.0771071613 0.0976474956 -0.156518817 -0.135920137 -0.195872933 0.196251079 0.174391478 -0.147904143 -0.0696785823 -0.110950075 0.0872399881 0.0878429487 0.19431743 0.0781355277 0.0930363014 -0.0846493542 -0.105181023 -0.129555181 0.226623967 -0.20032835 -0.151264399 0.0221234001 -0.000250397919 -0.19693318 -0.139892161 0.114153862 0.00412467169 0.0802139714 0.224107116 -0.0382887572 0.248942137 0.00565669825 -0.062370874 -0.230597034 -0.142501459 -0.113673255 0.155905977 0.0727739707 0.0960765034 0.120995112 -0.216896147 0.182181731 0.0656862631 -0.248756379 0.0202547237 -0.047494866 0.23949644 -0.11995019 0.0720484927 -0.174423337 0.174347281 -0.0138657428 -0.0750006735 0.0816702917 0.242313877 0.027748866 -0.0427202955 0.217900932 -0.128086939 0.257287711 0.212831467 -0.0894784331 0.0843641683 0.258348465 -0.0553559922 -0.050092347 0.121858455 -0.0956943184 0.057919614 0.10450279 0.0833855346 0.0252511613 0.148424253 -0.0178111121 0.0805578381 -0.0665642023 0.234095797 0.0824630708 0.0233458038 0.0607804544 -0.190776408 0.0310602039 -0.0254734177 0.224417374 0.0963415429 0.0502472296 -0.095712468 0.116269074 0.202723846 -0.22012955 0.174440235 0.0415906757 -0.0128204823 0.137548327 0.172724545 0.0282445252 -0.0436943136 0.178246558 -0.229944602 0.208352938 -0.0862736478
tensor_0bias 16
0.00473515131 0.139328495 0.131067842 -0.0961793959 -0.101760432 -0.037530113 0.124708533 0.0663499609 0.104901463 0.0730588734 0.110710308 -0.0261215195 -0.135133758 -0.169934884 0.0324754268 0.173852205
tensor_0weight 512
0.0829870403 -0.0140306186 0.0906654745 0.0547486469 0.109814726 0.0275345501 -0.044798281 -0.174545139 0.00158434385 0.137864172 -0.00666350871 0.121556327 0.153631806 0.141243815 -0.127437636 -0.0320568793 0.0388938636 0.10790693 -0.168849811 0.0226071328 0.104259431 0.171152353 -0.125017077 -0.0221874006 -0.0782216117 -0.103049621 0.0253982935 -0.0288623273 -0.0173820127 0.0916169509 -0.130842105 0.0776426345 0.163615838 -0.0491126515 -0.0984808803 -0.0297940224 0.0693577081 -0.126458824 -0.161474138 -0.048010692 -0.029873373 0.0123153934 0.111973248 0.17171225 -0.0935345814 -0.0490423925 -0.0315322466 -0.0479914136 0.0216034632 0.0823032856 0.0998854563 -0.0368595086 -0.0515550748 0.0315468162 0.0868666694 -0.170036763 0.12061774 -0.0438216366 0.159804925 0.119137868 -0.151961207 -0.153005004 -0.0612031706 0.13771528 0.0851341188 0.0212796684 0.0188189726 -0.0633461177 0.0343322344 -0.0367075205 -0.0480692536 0.0780730769 0.0378824733 0.0506670699 -0.154338017 -0.10957171 0.0883991495 -0.0774127021 -0.16831696 -0.052597519 -0.126099467 -0.0990716293 -0.0813401565 0.026940329 0.00848089252 -0.154574901 0.0466187336 -0.0404456891 -0.126066938 -0.129806161 0.101928666 -0.032994289 0.00185731985 -0.15422447 -0.137011126 -0.152392536 -0.0631405935 0.0969871953 -0.0312440284 -0.062725313 0.00863680523 0.122475646 0.029046528 0.103065237 -0.0521315485 -0.173974395 -0.0792012736 -0.0305874031 -0.0416086391 0.14006944 -0.0976339206 -0.140447482 0.127180636 -0.122805148 -0.0876187906 0.06570445 -0.00434614671 0.0807618126 -0.0518111549 -0.0552310124 0.116611622 -0.111320578 -0.0128179463 0.158650726 -0.0187079571 -0.0347494036 0.0859699696 0.121740267 0.14916499 -0.0631400272 0.16521886 0.0214579199 0.075258024 -0.0879836306 -0.145514697 -0.102567658 0.143412456 0.102101617 0.107419074 0.00501853786 -0.156266913 -0.164432541 -0.145256713 -0.00481842551 0.0147599364 0.111048535 0.13147451 -0.0122444797 0.0305402931 0.0623629279 0.0913246349 -0.0494642965 0.152410805 0.136091992 -0.153937638 0.0434604399 0.0555534475 0.154070243 -0.0172349475 0.0671145469 0.116387218 -0.175938487 -0.0592022091 -0.111215934 -0.0504673347 0.0592981167 -0.103832625 -0.00376192806 -0.161708102 -0.0845228061 -0.0359531194 0.0193055663 -0.13498874 -0.0187235679 -0.0327946469 0.0937510952 0.114871196 0.119600125 0.0978921726 -0.14000459 -0.0109750424 -0.152158573 0.0819465369 0.123343967 0.0755538195 0.10877151 -0.0687641129 0.0969529748 0.134936407 0.093715705 0.0854669362 0.0810801461 0.0967625976 0.106384918 0.0509107895 -0.126226783 0.0590483211 0.0386151969 0.0263430569 0.0336668938 -0.0858190879 -0.0524263456 -0.139636427 0.124231406 0.0578707159 -0.0709665716 -0.00212106784 0.0481712669 0.0714706406 0.0228903349 0.133552939 0.146220148 -0.174543619 -0.0953687504 0.0253391061 0.0593287461 -0.0555945933 0.00973904971 -0.0939855725 -0.0526780784 0.0826452672 -0.0336657502 0.116832398 -0.118441902 0.125979513 -0.104011461 0.0867642686 0.0490009822 0.162178814 -0.109064288 0.0294696856 0.0280298647 0.00670409668 -0.0233529452 0.0102640493 -0.103353776 -0.0170891806 -0.00659284554 0.0525395311 0.150101587 -0.0958806351 -0.166196287 0.0335887559 -0.163307562 0.0919236243 -0.0737316981 0.0668530911 -0.0185433961 0.157000303 0.143526673 -0.0616142936 0.11795219 0.0663203746 -0.0570334196 0.149414167 -0.125174552 -0.134020388 0.0798069313 0.170691028 -0.164387688 -0.167108893 -0.0893333778 0.130985692 -0.017364068 -0.0962933153 0.086465992 -0.0804736689 -0.107926205 0.101704016 0.0731598586 -0.0739625245 -0.0785165057 -0.164740905 -0.0099673802 0.164911851 0.0655528605 0.0873057544 -0.111051299 0.0785273165 -0.129802331 -0.159708411 -0.146964833 -0.0699680224 0.0520926602 0.0583773889 -0.0540241785 0.0728405043 0.114994392 0.157221437 0.10344898 0.108818717 -0.0638532043 -0.0101625696 -0.0195602924 -0.0796760023 -0.0725757927 0.034015324 -0.138806373 -0.00426639384 -0.0976339057 -0.169252738 0.117972746 -0.130266801 -0.0438576937 0.0244489461 -0.00146883924 -0.115362547 -0.122280627 -0.13296254 -0.0878516883 -0.179092765 -0.132069454 -0.0468144082 -0.110307105 -0.126653209 -0.107970327 -0.0419774055 -0.00125141733 -0.172851175 -0.126035571 0.0442176573 -0.131025895 0.0344224386 -0.00380038493 -0.103435412 0.0889984295 -0.171712309 0.0560598969 -0.0238654092 -0.159660265 -0.109789602 -0.13072674 -0.105851978 -0.0453356728 -0.0169743504 0.164696187 0.127635241 0.170599923 0.0985409096 0.107190803 0.0266957451 -0.0854307637 0.0827619359 0.0736956969 0.121159114 0.154379532 0.0857521817 -0.0691658556 -0.112048902 0.0641561896 -0.0805864483 -0.124385558 -0.11337883 -0.0848032609 -0.0771113411 -0.136090413 0.129085392 0.0856854022 0.147901967 -0.127872854 -0.138342515 0.157810092 0.148745343 0.0657407567 0.15712373 0.0101222154 0.00305538182 0.0561911575 0.051329948 -0.140887856 -0.105467372 -0.00900841784 0.164920494 0.113262109 -0.138535172 -0.00438732514 0.12080425 0.0428008139 0.0424538776 0.165307105 -0.126134396 0.00506163528 -0.143000528 0.175876826 0.0483455807 -0.00612850348 0.155081049 0.0381170809 0.0893294588 -0.0300525408 0.106129475 -0.134850338 0.0915181488 0.0476572774 0.082783632 0.136163339 -0.0921682715 -0.16185312 0.146506459 0.0778533816 -0.0415593684 0.013921733 0.0668553635 0.0716921687 0.0683991089 0.0229414515 -0.111525424 0.0829991624 -0.0634552538 -0.115321897 -0.0920467973 0.117205247 0.0155262081 -0.174412504 0.11733 0.0654988885 -0.167554319 -0.128867969 -0.0689621717 0.0800141245 -0.16348879 -0.0495662391 -0.0179569051 -0.0931600556 -0.171785071 -0.174866393 0.0684973896 0.0382153131 -0.163730055 -0.0190775264 0.155175865 -0.10598211 -0.150526658 0.118163109 0.107866459 -0.0521741472 -0.0835747868 0.0238579586 0.00343674025 0.174251571 0.0907890275 -0.114390925 -0.163350508 -0.0476885252 0.049792219 -0.082043469 0.133565888 -0.145602316 0.0754394233 -0.144677237 -0.148433983 0.0118913772 0.0988596156 -0.181093335 0.167250991 0.0424363427 -0.155585364 -0.022388095 0.00584257348 0.150299802 -0.0592305474 -0.106821477 0.132951751 -0.158743352 -0.0510376282 0.026887998 -0.0672011375 0.108500034 0.142754614 -0.0453939363 0.0483410992 0.10081657 -0.0626241416 -0.0702446029 -0.0476949066 0.142558634 0.0242861435 0.0165708046 0.161544561 -0.115699865 0.146015778 0.00346034975 -0.090709202 0.174845383 0.10801395 -0.128665239 0.16738224 -0.166006967 0.0841862187 0.0130274417 -0.115057491 -0.0327519812 0.0195035487 -0.0939268842 0.131314427 0.0631469488 0.0595497601 0.13798365 0.146244243 0.0802814215 0.121227935 -0.0721754581 0.0940475315 -0.0445882566 0.0558010861 0.0580656976 -0.0873317122 0.0660262629 0.124521278 -0.0201077964 -0.0736022964 -0.0276796725
